Algorithm: Lloyds
CLUSTER-1  {size:  5018, centroid: [151.471503, 171.548226, 67.842965, 158.730371, 81.794340, 155.754285, 84.272021, 165.525707, 164.692706, 57.412714, 145.226983, 63.902152, 130.569749, 106.874053, 188.129135, 127.451973]}
CLUSTER-2  {size:  7839, centroid: [86.029213, 64.779436, 107.056257, 149.634520, 122.008675, 167.871667, 136.697666, 103.384488, 98.677255, 136.452098, 152.604286, 106.585406, 76.505932, 105.268274, 108.684271, 140.286389]}
CLUSTER-3  {size:  5838, centroid: [126.354916, 94.396882, 162.602261, 169.896369, 96.287085, 99.220452, 101.341041, 48.198013, 74.064063, 93.423090, 162.950325, 178.521411, 84.291709, 105.068174, 88.836930, 102.386605]}
CLUSTER-4  {size:  8457, centroid: [107.091404, 147.620906, 121.271846, 92.080643, 94.770013, 111.569942, 148.778054, 169.846045, 179.787159, 85.851247, 134.369753, 104.300343, 62.629419, 114.063025, 73.510110, 165.999409]}
CLUSTER-5  {size:  7840, centroid: [30.438265, 42.084184, 153.472194, 101.096939, 68.309311, 94.580485, 97.614668, 111.487372, 115.250893, 191.831760, 84.341327, 158.946301, 98.653061, 57.964668, 53.324617, 131.746939]}
CLUSTER-6  {size:  6388, centroid: [153.630244, 145.465247, 197.254696, 100.486850, 119.377270, 66.954289, 124.014245, 67.851597, 89.940044, 92.855510, 82.258766, 152.274734, 66.426894, 109.235285, 135.735128, 87.287101]}
CLUSTER-7  {size:  4796, centroid: [62.080275, 133.620100, 152.274395, 197.150334, 83.385321, 75.631985, 72.693912, 96.165346, 178.547748, 128.100292, 98.741451, 83.627398, 138.133862, 108.614679, 81.422852, 150.101960]}
CLUSTER-8  {size:  5129, centroid: [103.839540, 136.678495, 71.994346, 102.081107, 138.215442, 137.142523, 133.301033, 126.568337, 162.397543, 185.690973, 97.796841, 116.727432, 149.037629, 96.955547, 78.190291, 69.370053]}
CLUSTER-9  {size:  5582, centroid: [151.187925, 92.528305, 125.082049, 89.281799, 72.005733, 154.197958, 64.007703, 51.151379, 60.544429, 127.257793, 198.936761, 187.302580, 98.181118, 100.345038, 109.115550, 173.152633]}
CLUSTER-10 {size:  3113, centroid: [127.360103, 117.542242, 134.012849, 116.718921, 147.462898, 67.941214, 44.230324, 144.238998, 134.378734, 73.097655, 84.555413, 85.631866, 172.273049, 172.451012, 68.945390, 72.351751]}
clustering_time: 0.542 sec
Silhouette: [0.246, 0.239, 0.383, 0.229, 0.507, 0.328, 0.316, 0.248, 0.387, 0.280, 0.320]
Objective Function value: 166.542

